"onset" "subj" "trial"
"1" -184 1 1
"2" 312 1 1
"3" 564 1 1
"4" 516 1 2
"5" -180 1 3
"6" 520 1 3
"7" -380 1 4
"8" 68 1 4
"9" -88 1 5
"10" 568 1 5
"11" 356 1 6
"12" -396 1 7
"13" 396 1 7
"14" -52 1 8
"15" 296 1 8
"16" 448 1 8
"17" 412 1 9
"18" 436 1 9
"19" 524 1 9
"20" 380 1 10
"21" 372 1 11
"22" -304 1 12
"23" -268 1 12
"24" -188 1 12
"25" 356 1 12
"26" 288 1 13
"27" 448 1 13
"28" 504 1 13
"29" -380 1 14
"30" 28 1 14
"31" -204 1 15
"32" -300 1 16
"33" 288 1 16
"34" 256 1 17
"35" 448 1 17
"36" -376 1 18
"37" 208 1 18
"38" 276 1 18
"39" -140 1 19
"40" 360 1 19
"41" 408 1 19
"42" -228 1 20
"43" 260 1 20
"44" 396 1 20
"45" 360 1 21
"46" 284 1 22
"47" 228 1 23
"48" 240 1 23
"49" -328 1 24
"50" 52 1 24
"51" 408 1 24
"52" -288 1 25
"53" 348 1 25
"54" -244 1 26
"55" -52 1 26
"56" 364 1 26
"57" 252 1 27
"58" 32 1 28
"59" 368 1 28
"60" -24 1 29
"61" -48 1 30
"62" -88 1 31
"63" 336 1 31
"64" 592 1 31
"65" 264 1 32
"66" 76 1 33
"67" 372 1 33
"68" 508 1 33
"69" 520 1 33
"70" 344 1 34
"71" -20 1 35
"72" -120 1 36
"73" 540 1 36
"74" 596 1 36
"75" -348 1 37
"76" -212 1 37
"77" 600 1 37
"78" -144 1 38
"79" 348 1 38
"80" -256 1 39
"81" -20 1 39
"82" 372 1 39
"83" -144 1 40
"84" 584 1 40
"85" 284 1 41
"86" 420 1 41
"87" -244 1 42
"88" -88 1 42
"89" 288 1 42
"90" -212 1 43
"91" 16 1 43
"92" 344 1 43
"93" 524 1 43
"94" -176 1 44
"95" -368 1 45
"96" -96 1 45
"97" 356 1 45
"98" 580 1 45
"99" 568 1 46
"100" -356 1 47
"101" 348 1 47
"102" 340 1 48
"103" -124 1 49
"104" 52 1 49
"105" 84 1 49
"106" -256 1 50
"107" -80 1 50
"108" 284 1 50
"109" -184 1 51
"110" 348 1 51
"111" 56 1 52
"112" 364 1 52
"113" 484 1 52
"114" 56 1 53
"115" 364 1 53
"116" -348 1 54
"117" 588 1 54
"118" -228 1 55
"119" -192 1 55
"120" -32 1 55
"121" 328 1 55
"122" 280 1 56
"123" 476 1 56
"124" -184 1 57
"125" 244 1 57
"126" 328 1 57
"127" 456 1 57
"128" 520 1 57
"129" 316 1 58
"130" 416 1 58
"131" 504 1 58
"132" -8 1 59
"133" -276 1 60
"134" -88 1 60
"135" 284 1 60
"136" 236 1 61
"137" 240 1 61
"138" -92 1 62
"139" -48 1 62
"140" -140 1 63
"141" 288 1 63
"142" 352 1 63
"143" 456 1 63
"144" 352 1 64
"145" 256 1 65
"146" -204 1 66
"147" 280 1 66
"148" 324 1 66
"149" -188 1 67
"150" -56 1 67
"151" 0 1 67
"152" 216 1 67
"153" 588 1 67
"154" 492 1 68
"155" -372 1 69
"156" -368 1 69
"157" 456 1 69
"158" -348 1 70
"159" 324 1 70
"160" -276 1 71
"161" 592 1 71
"162" 308 1 72
"163" 80 1 73
"164" 340 1 73
"165" 312 1 74
"166" -292 1 75
"167" -44 1 75
"168" 336 1 75
"169" -36 1 76
"170" 372 1 76
"171" -108 1 77
"172" -16 1 77
"173" -340 1 78
"174" -96 1 78
"175" 320 1 78
"176" -144 1 79
"177" -220 1 80
"178" -48 1 80
"179" 304 1 80
"180" -300 1 81
"181" 336 1 81
"182" 516 1 81
"183" -284 1 82
"184" 452 2 83
"185" 328 2 84
"186" -36 2 85
"187" 356 2 85
"188" -380 2 86
"189" -324 2 86
"190" 324 2 86
"191" -336 2 87
"192" -264 2 87
"193" -132 2 87
"194" 248 2 87
"195" 540 2 87
"196" 96 2 88
"197" 304 2 88
"198" -220 2 89
"199" -400 2 90
"200" -188 2 90
"201" 516 2 90
"202" -308 2 91
"203" 304 2 91
"204" 328 2 91
"205" -92 2 92
"206" 244 2 92
"207" 576 2 92
"208" -28 2 93
"209" 316 2 93
"210" 572 2 93
"211" -152 2 94
"212" -248 2 95
"213" -200 2 95
"214" 420 2 95
"215" -248 2 96
"216" 88 2 96
"217" 148 2 96
"218" -348 2 97
"219" 324 2 97
"220" -260 2 98
"221" 32 2 98
"222" 344 2 98
"223" -64 2 99
"224" -120 2 100
"225" 64 2 100
"226" 316 2 100
"227" 392 2 100
"228" -384 2 101
"229" -28 2 101
"230" 276 2 101
"231" -148 2 102
"232" 72 2 102
"233" 40 2 103
"234" 356 2 103
"235" -320 2 104
"236" 316 2 104
"237" -120 2 105
"238" -300 2 106
"239" -124 2 106
"240" 28 2 106
"241" 336 2 106
"242" -400 2 107
"243" -160 2 107
"244" 248 2 107
"245" -240 2 108
"246" 284 2 108
"247" 496 2 108
"248" 100 2 109
"249" 456 2 109
"250" 268 2 110
"251" 512 2 110
"252" -336 2 111
"253" -100 2 111
"254" 312 2 111
"255" -152 2 112
"256" 276 2 112
"257" -312 2 113
"258" 12 2 113
"259" -152 2 114
"260" 484 2 114
"261" -268 2 115
"262" 388 2 115
"263" -244 2 116
"264" -172 2 116
"265" 520 2 116
"266" -320 2 117
"267" 296 2 117
"268" -184 2 118
"269" -116 2 118
"270" 16 2 118
"271" 44 2 118
"272" 336 2 118
"273" 8 2 119
"274" 248 2 119
"275" 552 2 119
"276" -28 2 120
"277" 268 2 120
"278" 244 2 121
"279" 520 2 121
"280" 300 2 122
"281" -316 2 123
"282" -280 2 123
"283" 20 2 123
"284" -304 2 124
"285" -132 2 124
"286" 92 2 124
"287" 292 2 124
"288" 92 2 125
"289" 456 2 125
"290" 44 2 126
"291" 300 2 126
"292" 56 2 127
"293" 344 2 127
"294" 92 2 128
"295" 216 2 128
"296" 336 2 128
"297" 256 2 129
"298" -212 2 130
"299" 4 2 130
"300" 416 2 130
"301" -60 2 131
"302" 268 2 131
"303" -328 2 132
"304" -112 2 132
"305" 280 2 132
"306" 524 2 132
"307" 576 2 132
"308" -24 2 133
"309" 300 2 133
"310" -368 2 134
"311" -124 2 134
"312" 24 2 134
"313" 288 2 134
"314" -304 2 135
"315" -88 2 135
"316" -124 2 136
"317" 76 2 136
"318" 300 2 136
"319" -308 2 137
"320" -284 2 137
"321" 24 2 137
"322" -156 2 138
"323" 276 2 138
"324" -228 2 139
"325" 264 2 139
"326" 248 2 140
"327" 4 2 141
"328" -132 2 142
"329" 304 2 142
"330" -264 2 143
"331" -108 2 143
"332" 300 2 143
"333" -312 2 144
"334" 404 3 145
"335" 300 3 146
"336" -188 3 147
"337" 556 3 147
"338" 316 3 148
"339" -68 3 149
"340" 540 3 149
"341" -396 3 150
"342" -60 3 150
"343" -352 3 151
"344" -72 3 151
"345" 296 3 151
"346" 32 3 152
"347" 88 3 152
"348" -240 3 153
"349" -4 3 153
"350" 392 3 153
"351" 392 3 153
"352" -140 3 154
"353" 324 3 154
"354" -280 3 155
"355" -228 3 155
"356" 520 3 155
"357" -40 3 156
"358" 300 3 156
"359" 348 3 156
"360" 528 3 156
"361" 464 3 157
"362" 348 3 158
"363" 520 3 158
"364" 440 3 159
"365" 420 3 160
"366" 0 3 161
"367" 496 3 161
"368" -376 3 162
"369" 312 3 162
"370" 516 3 162
"371" 512 3 163
"372" 80 3 164
"373" 340 3 164
"374" -356 3 165
"375" -256 3 165
"376" 476 3 165
"377" -304 3 166
"378" 28 3 166
"379" 480 3 166
"380" 408 3 167
"381" 580 3 167
"382" 332 3 168
"383" -232 3 169
"384" -60 3 169
"385" 332 3 169
"386" 348 3 169
"387" 424 3 169
"388" -168 3 170
"389" -96 3 170
"390" -60 3 170
"391" 360 3 170
"392" 308 3 171
"393" 304 3 172
"394" 428 3 172
"395" -320 3 173
"396" 52 3 173
"397" 348 3 173
"398" -28 3 174
"399" 332 3 174
"400" 360 3 174
"401" 320 3 175
"402" 556 3 175
"403" -216 3 176
"404" -184 3 176
"405" -360 3 177
"406" 4 3 177
"407" 552 3 177
"408" -152 3 178
"409" -76 3 178
"410" 304 3 178
"411" 540 3 178
"412" 556 3 178
"413" 520 3 179
"414" 236 3 180
"415" -164 3 181
"416" 244 3 181
"417" 348 3 181
"418" 284 3 182
"419" 520 3 182
"420" -132 3 183
"421" -56 3 183
"422" -140 3 184
"423" 8 3 184
"424" 300 3 184
"425" 364 3 184
"426" -208 3 185
"427" -140 3 185
"428" 304 3 185
"429" -44 3 186
"430" 464 3 186
"431" 464 3 186
"432" -52 3 187
"433" 396 3 187
"434" 388 3 188
"435" 516 3 188
"436" -96 3 189
"437" -116 3 190
"438" 348 3 190
"439" 280 3 191
"440" -340 3 192
"441" -212 3 192
"442" 444 3 192
"443" 392 3 193
"444" -360 3 194
"445" 572 3 194
"446" 268 3 195
"447" 464 3 195
"448" -44 4 196
"449" -232 4 197
"450" -356 4 198
"451" 332 4 198
"452" -4 4 199
"453" 60 4 199
"454" 88 4 199
"455" 292 4 199
"456" -212 4 200
"457" -140 4 200
"458" 36 4 200
"459" -304 4 201
"460" -244 4 201
"461" -36 4 201
"462" -248 4 202
"463" -136 4 202
"464" 444 4 202
"465" -348 4 203
"466" -56 4 203
"467" -164 4 204
"468" -304 4 205
"469" 52 4 205
"470" -28 4 206
"471" 56 4 206
"472" 360 4 206
"473" -68 4 207
"474" 268 4 207
"475" 520 4 207
"476" 360 4 208
"477" 528 4 208
"478" 584 4 208
"479" -88 5 209
"480" 256 5 209
"481" 280 5 209
"482" -272 5 210
"483" -52 5 210
"484" 360 5 210
"485" -320 5 211
"486" -240 5 211
"487" -112 5 211
"488" 76 5 211
"489" 452 5 211
"490" -248 5 212
"491" -220 5 212
"492" 276 5 212
"493" -252 5 213
"494" 0 5 213
"495" 444 5 213
"496" 444 5 213
"497" 52 5 214
"498" 392 5 214
"499" -48 5 215
"500" 276 5 215
"501" 316 5 215
"502" -200 5 216
"503" 24 5 216
"504" 360 5 216
"505" -236 5 217
"506" 456 5 217
"507" -368 5 218
"508" -100 5 218
"509" 280 5 218
"510" 572 5 218
"511" -164 5 219
"512" 332 5 219
"513" -340 5 220
"514" 356 5 220
"515" -316 5 221
"516" -292 5 221
"517" 72 5 221
"518" 300 5 221
"519" -208 5 222
"520" 236 5 222
"521" -176 5 223
"522" 52 5 223
"523" 288 5 223
"524" -288 5 224
"525" 296 5 224
"526" 28 5 225
"527" 304 5 225
"528" -76 5 226
"529" 316 5 226
"530" -4 5 227
"531" -280 5 228
"532" 8 5 228
"533" 464 5 228
"534" -336 5 229
"535" 20 5 229
"536" 276 5 229
"537" -92 5 230
"538" 400 5 230
"539" -380 5 231
"540" -368 5 231
"541" -44 5 231
"542" 288 5 231
"543" -200 5 232
"544" 360 5 232
"545" 28 5 233
"546" 284 5 233
"547" -156 5 234
"548" 92 5 234
"549" 468 5 234
"550" 12 5 235
"551" 316 5 235
"552" -348 5 236
"553" 516 5 236
"554" -304 5 237
"555" 100 5 237
"556" -316 5 238
"557" -212 5 238
"558" 400 5 238
"559" -388 5 239
"560" -128 5 239
"561" 300 5 239
"562" -344 5 240
"563" -52 5 240
"564" 308 5 240
"565" -264 5 241
"566" 352 5 241
"567" -12 5 242
"568" 8 5 242
"569" 428 5 242
"570" -192 5 243
"571" -192 5 243
"572" 296 5 243
"573" 588 5 243
"574" -136 5 244
"575" 472 5 244
"576" -252 5 245
"577" 444 5 245
"578" -400 5 246
"579" 248 5 246
"580" -368 5 247
"581" 64 5 247
"582" 296 5 247
"583" 500 5 247
"584" -400 5 248
"585" -168 5 248
"586" 296 5 248
"587" -240 5 249
"588" 80 5 249
"589" 476 5 249
"590" 476 5 249
"591" 64 5 250
"592" 324 5 250
"593" -300 5 251
"594" 380 5 251
"595" -276 5 252
"596" -32 5 252
"597" 372 5 252
"598" -308 5 253
"599" -16 5 253
"600" 264 5 253
"601" 580 5 253
"602" 424 5 254
"603" -136 5 255
"604" 76 5 255
"605" 496 5 255
"606" -260 5 256
"607" -8 5 256
"608" 344 5 256
"609" -68 5 257
"610" 300 5 257
"611" 580 5 257
"612" -332 5 258
"613" 12 5 258
"614" 336 5 258
"615" -68 5 259
"616" 336 5 259
"617" -100 5 260
"618" 280 5 260
"619" -168 5 261
"620" 228 5 261
"621" 452 5 261
"622" -264 5 262
"623" -24 5 262
"624" 272 5 262
"625" -188 5 263
"626" -48 5 263
"627" 244 5 263
"628" 500 5 263
"629" -188 5 264
"630" 116 5 264
"631" 320 5 264
"632" 568 5 264
"633" -132 5 265
"634" 84 5 265
"635" 444 5 265
"636" 416 6 266
"637" 100 6 267
"638" 536 6 267
"639" -272 6 268
"640" 24 6 268
"641" 44 6 268
"642" 596 6 268
"643" -372 6 269
"644" -52 6 269
"645" 364 6 269
"646" -200 6 270
"647" 440 6 270
"648" -280 6 271
"649" -256 6 271
"650" -20 6 271
"651" 36 6 271
"652" 36 6 271
"653" 36 6 271
"654" 36 6 271
"655" -292 6 272
"656" 368 6 272
"657" -36 6 273
"658" 400 6 273
"659" -372 6 274
"660" -168 6 274
"661" 444 6 274
"662" -308 6 275
"663" 36 6 275
"664" 544 6 275
"665" 600 6 275
"666" -392 6 276
"667" -376 6 276
"668" -76 6 276
"669" 4 6 276
"670" -384 6 277
"671" -48 6 277
"672" 524 6 277
"673" 400 6 278
"674" -232 6 279
"675" 380 6 279
"676" -264 6 280
"677" 384 6 280
"678" 456 6 280
"679" -28 6 281
"680" 160 6 281
"681" -196 6 282
"682" 508 6 282
"683" 252 6 283
"684" 348 6 283
"685" 192 6 284
"686" 0 6 285
"687" 572 6 285
"688" 308 6 286
"689" 92 6 287
"690" 532 6 287
"691" 556 6 287
"692" 0 6 288
"693" 28 6 288
"694" 64 6 288
"695" 480 6 288
"696" 472 6 289
"697" -20 6 290
"698" 320 6 290
"699" -144 6 291
"700" -80 6 291
"701" -220 6 292
"702" 392 6 292
"703" -228 6 293
"704" 364 6 293
"705" 268 6 294
"706" -4 6 295
"707" 24 6 295
"708" -100 6 296
"709" 324 6 296
"710" -396 6 297
"711" 16 6 297
"712" 372 6 297
"713" 472 6 297
"714" -368 6 298
"715" 92 6 298
"716" 392 6 298
"717" 448 6 298
"718" -348 6 299
"719" 188 6 299
"720" 344 6 299
"721" -80 6 300
"722" 80 6 300
"723" 36 6 301
"724" -68 6 302
"725" 268 6 302
"726" -388 6 303
"727" 520 6 303
"728" 448 6 304
"729" 436 6 305
"730" 412 6 306
"731" -60 6 307
"732" 476 6 307
"733" 316 6 308
"734" 372 6 308
"735" -288 6 309
"736" -132 6 309
"737" 480 6 309
"738" 560 6 309
"739" 600 6 309
"740" -124 6 310
"741" -232 6 311
"742" 552 6 311
"743" 564 6 311
"744" -88 6 312
"745" 288 6 312
"746" 324 6 312
"747" -384 6 313
"748" -148 6 313
"749" 240 6 313
"750" -68 6 314
"751" 60 6 314
"752" 396 6 314
"753" -372 6 315
"754" -148 6 315
"755" 232 6 315
"756" 376 6 315
"757" -28 6 316
"758" 0 6 316
"759" 20 6 316
"760" 436 6 316
"761" 560 6 316
"762" -16 6 317
"763" 424 6 317
"764" -304 6 318
"765" 524 6 318
"766" -56 6 319
"767" 104 6 319
"768" 0 6 320
"769" 380 6 320
"770" -228 6 321
"771" 432 6 321
"772" 488 6 321
"773" 548 6 321
"774" 408 6 322
"775" 408 6 322
"776" 580 6 322
"777" -172 6 323
"778" -92 6 323
"779" -216 6 324
"780" 20 6 324
"781" 472 6 324
"782" 204 6 325
"783" 332 6 325
"784" -372 6 326
"785" 384 6 326
"786" -252 6 327
"787" 24 6 327
"788" 520 6 327
"789" -328 6 328
"790" 436 6 328
"791" 480 6 328
"792" -320 6 329
"793" 96 6 329
"794" 56 6 330
"795" 520 6 330
"796" -300 6 331
"797" -16 6 331
"798" 536 6 331
"799" 284 6 332
"800" -136 6 333
"801" -348 6 334
"802" -28 6 334
"803" 492 6 334
"804" -184 6 335
"805" 296 6 335
"806" -268 6 336
"807" -156 6 336
"808" 444 6 336
"809" -160 6 337
"810" 336 6 337
"811" -56 6 338
"812" -36 6 338
"813" 376 6 338
"814" -124 6 339
"815" 256 6 339
"816" 472 6 339
"817" -104 6 340
"818" -44 6 340
"819" 376 7 341
"820" 260 7 342
"821" 296 7 342
"822" 248 7 343
"823" 544 7 343
"824" 248 7 344
"825" 428 7 344
"826" 24 7 345
"827" -384 7 346
"828" 100 7 346
"829" 316 7 346
"830" -380 7 347
"831" -56 7 347
"832" 544 7 347
"833" 20 7 348
"834" 248 7 348
"835" -360 7 349
"836" 248 7 349
"837" 248 7 349
"838" 236 7 350
"839" 508 7 350
"840" -148 7 351
"841" 244 7 351
"842" 488 7 351
"843" -340 7 352
"844" 248 7 352
"845" -332 7 353
"846" -72 7 353
"847" 480 7 353
"848" -356 7 354
"849" 264 7 354
"850" -156 7 355
"851" -72 7 355
"852" 256 7 355
"853" 44 7 356
"854" 268 7 356
"855" -192 7 357
"856" -348 7 358
"857" 284 7 358
"858" 436 7 358
"859" -40 7 359
"860" 552 7 359
"861" -24 7 360
"862" 312 7 360
"863" 524 7 360
"864" 248 7 361
"865" -60 7 362
"866" -268 7 363
"867" -24 7 363
"868" 80 7 363
"869" 240 7 363
"870" 64 7 364
"871" 292 7 364
"872" -68 7 365
"873" 284 7 365
"874" 236 7 366
"875" 564 7 366
"876" -12 7 367
"877" 252 7 367
"878" 248 7 368
"879" 256 7 368
"880" -316 7 369
"881" -16 7 369
"882" -168 7 370
"883" 240 7 370
"884" 476 7 370
"885" -272 7 371
"886" -28 7 371
"887" 316 7 371
"888" 524 7 371
"889" -216 7 372
"890" 292 7 372
"891" 220 7 373
"892" 496 7 373
"893" 272 7 374
"894" 580 7 374
"895" 92 7 375
"896" -364 7 376
"897" -252 7 376
"898" -56 7 376
"899" 236 7 376
"900" 560 7 376
"901" -332 7 377
"902" 12 7 377
"903" 248 7 377
"904" 596 7 377
"905" 216 7 378
"906" -276 7 379
"907" 508 7 379
"908" 104 7 380
"909" 412 7 380
"910" -200 7 381
"911" 260 7 381
"912" 228 7 382
"913" 264 7 382
"914" 44 7 383
"915" -112 7 384
"916" 252 7 384
"917" -400 7 385
"918" -100 7 385
"919" 324 7 385
"920" 412 7 385
"921" 272 7 386
"922" 508 7 386
"923" -348 7 387
"924" 32 7 387
"925" 272 7 387
"926" 564 7 387
"927" -272 7 388
"928" 8 7 388
"929" 580 7 388
"930" -396 7 389
"931" -132 7 389
"932" 252 7 389
"933" 552 7 389
"934" -200 7 390
"935" -108 7 390
"936" -20 7 390
"937" 200 7 390
"938" 584 7 390
"939" -228 7 391
"940" -8 7 391
"941" -4 7 391
"942" 140 7 391
"943" 140 7 391
"944" 500 8 392
"945" 360 8 393
"946" -224 8 394
"947" -68 8 394
"948" -160 8 395
"949" 356 8 395
"950" -372 8 396
"951" -276 8 396
"952" -108 8 396
"953" 248 8 396
"954" -164 8 397
"955" -144 8 397
"956" 284 8 397
"957" 256 8 398
"958" 524 8 398
"959" 256 8 399
"960" -124 8 400
"961" 380 8 400
"962" 268 8 401
"963" 528 8 401
"964" 328 8 402
"965" -288 8 403
"966" -264 8 403
"967" -4 8 403
"968" 376 8 403
"969" -284 8 404
"970" -148 8 404
"971" 36 8 404
"972" 408 8 404
"973" 64 8 405
"974" 340 8 405
"975" 68 8 406
"976" 420 8 406
"977" -204 8 407
"978" 348 8 407
"979" -244 8 408
"980" 288 8 408
"981" -260 8 409
"982" 264 8 409
"983" 332 8 409
"984" 256 8 410
"985" 600 8 410
"986" -348 8 411
"987" -136 8 411
"988" 380 8 411
"989" 548 8 411
"990" -288 8 412
"991" 376 8 412
"992" -212 8 413
"993" 280 8 413
"994" 236 8 414
"995" -40 8 415
"996" 336 8 415
"997" 484 8 415
"998" -180 8 416
"999" 588 8 416
"1000" -392 8 417
"1001" 344 8 417
"1002" -172 8 418
"1003" 244 8 418
"1004" 540 8 418
"1005" -64 8 419
"1006" 312 8 419
"1007" 304 8 420
"1008" -292 8 421
"1009" -44 8 421
"1010" 404 8 421
"1011" 68 8 422
"1012" 308 8 422
"1013" 424 8 422
"1014" 444 8 422
"1015" 280 8 423
"1016" 508 8 423
"1017" -100 8 424
"1018" 92 8 424
"1019" 272 8 424
"1020" 296 8 424
"1021" 356 8 424
"1022" -172 8 425
"1023" 292 8 425
"1024" -20 8 426
"1025" 112 8 426
"1026" 136 8 426
"1027" 328 8 426
"1028" 360 8 426
"1029" -324 8 427
"1030" -324 8 427
"1031" 56 8 427
"1032" 340 8 427
"1033" -384 8 428
"1034" 120 8 428
"1035" 252 8 428
"1036" 564 8 428
"1037" -348 8 429
"1038" -324 8 429
"1039" -84 8 429
"1040" 240 8 429
"1041" 600 8 429
"1042" 360 8 430
"1043" 4 8 431
"1044" 380 8 431
"1045" 24 8 432
"1046" -180 8 433
"1047" 340 8 433
"1048" 16 8 434
"1049" 296 8 434
"1050" -252 8 435
"1051" 284 8 435
"1052" 304 8 435
"1053" -308 8 436
"1054" -232 8 436
"1055" -88 8 436
"1056" -312 8 437
"1057" 24 8 437
"1058" 396 8 437
"1059" -264 8 438
"1060" 96 8 438
"1061" 304 8 438
"1062" -352 8 439
"1063" -196 8 439
"1064" 264 8 439
"1065" -180 8 440
"1066" 336 8 440
"1067" -252 8 441
"1068" 372 8 441
"1069" -208 8 442
"1070" 76 8 442
"1071" 360 8 442
"1072" 284 8 443
"1073" -296 8 444
"1074" 292 8 444
"1075" 292 8 444
"1076" 308 8 444
"1077" 276 8 445
"1078" -292 8 446
"1079" -76 8 446
"1080" 296 8 446
"1081" -372 8 447
"1082" 272 8 447
"1083" 556 8 447
"1084" -112 8 448
"1085" 288 8 448
"1086" -172 8 449
"1087" -144 8 449
"1088" 288 8 449
"1089" 268 8 450
"1090" 340 8 450
"1091" 276 8 451
"1092" -12 8 452
"1093" 324 8 452
"1094" 372 8 452
"1095" 336 8 453
"1096" 280 8 454
"1097" 320 8 454
"1098" -196 8 455
"1099" 244 8 455
"1100" 468 8 455
"1101" -180 8 456
"1102" 72 8 456
"1103" 260 8 456
"1104" -224 8 457
"1105" -56 8 457
"1106" 268 8 457
"1107" -272 8 458
"1108" 312 8 458
"1109" 332 8 458
"1110" -376 8 459
"1111" -292 8 459
"1112" -236 8 459
"1113" 312 8 459
"1114" -380 8 460
"1115" 76 8 460
"1116" 356 8 460
"1117" 380 8 460
"1118" -380 8 461
"1119" 312 8 461
"1120" -204 8 462
"1121" 248 8 462
"1122" 272 8 462
"1123" 596 8 462
"1124" -192 8 463
"1125" -64 8 463
"1126" 48 8 463
"1127" 348 8 463
"1128" 416 8 463
"1129" -236 8 464
"1130" 40 8 464
"1131" 344 8 464
"1132" -172 8 465
"1133" 248 8 465
"1134" 268 8 465
"1135" 512 8 465
"1136" 540 8 465
"1137" 284 8 466
"1138" 56 8 467
"1139" 76 8 467
"1140" 292 8 467
"1141" 320 9 468
"1142" 376 9 468
"1143" -176 9 469
"1144" -208 9 470
"1145" 92 9 470
"1146" 568 9 470
"1147" 500 9 471
"1148" -108 9 472
"1149" 504 9 472
"1150" -88 9 473
"1151" -256 9 474
"1152" 88 9 474
"1153" 444 9 474
"1154" 588 9 474
"1155" -164 9 475
"1156" -296 9 476
"1157" 484 9 476
"1158" 492 9 476
"1159" 92 9 477
"1160" 320 9 477
"1161" -272 9 478
"1162" -56 9 478
"1163" 368 9 478
"1164" -72 9 479
"1165" -80 9 480
"1166" 368 9 480
"1167" -280 9 481
"1168" 24 9 481
"1169" 444 9 481
"1170" 28 9 482
"1171" -108 9 483
"1172" 284 9 483
"1173" 268 9 484
"1174" 568 9 484
"1175" -52 9 485
"1176" 552 9 485
"1177" 308 9 486
"1178" 580 9 486
"1179" -364 9 487
"1180" -68 9 487
"1181" 332 9 487
"1182" -364 9 488
"1183" 448 9 488
"1184" -108 9 489
"1185" 276 9 489
"1186" 408 9 489
"1187" 484 9 489
"1188" 264 9 490
"1189" 560 9 490
"1190" -256 9 491
"1191" -16 9 491
"1192" 576 9 491
"1193" -16 9 492
"1194" -396 9 493
"1195" -96 9 493
"1196" 572 9 493
"1197" -344 9 494
"1198" 596 9 494
"1199" 572 9 495
"1200" -68 9 496
"1201" 300 9 496
"1202" 484 9 496
"1203" -4 9 497
"1204" 456 9 497
"1205" -232 9 498
"1206" 444 9 498
"1207" -20 9 499
"1208" 376 9 499
"1209" 532 9 499
"1210" -260 9 500
"1211" 384 9 500
"1212" 32 9 501
"1213" 552 9 501
"1214" 80 9 502
"1215" 448 9 502
"1216" 412 9 503
"1217" -348 9 504
"1218" -96 9 504
"1219" 248 9 504
"1220" 560 9 504
"1221" -340 9 505
"1222" 472 9 505
"1223" 348 9 506
"1224" -52 9 507
"1225" 588 9 507
"1226" -208 9 508
"1227" 512 9 508
"1228" 60 9 509
"1229" 360 9 509
"1230" -204 9 510
"1231" 324 9 510
"1232" -52 9 511
"1233" 352 9 511
"1234" 536 9 511
"1235" -20 9 512
"1236" -148 9 513
"1237" 392 9 513
"1238" -268 9 514
"1239" 268 9 514
"1240" 552 9 514
"1241" -280 9 515
"1242" -8 9 515
"1243" 348 9 515
"1244" 448 9 515
"1245" 40 9 516
"1246" 336 9 516
"1247" 552 9 516
"1248" -256 9 517
"1249" -8 9 517
"1250" 504 9 517
"1251" -372 9 518
"1252" -108 9 518
"1253" 520 9 518
"1254" 312 9 519
"1255" 536 9 519
"1256" 544 9 519
"1257" 84 9 520
"1258" 600 9 520
"1259" 492 9 521
"1260" -280 9 522
"1261" -84 9 522
"1262" 388 9 522
"1263" 524 9 522
"1264" 316 9 523
"1265" 440 9 523
"1266" 548 9 523
"1267" -312 9 524
"1268" 328 9 524
"1269" -96 9 525
"1270" 428 9 525
"1271" -272 9 526
"1272" -288 9 527
"1273" 584 9 527
"1274" -388 9 528
"1275" -240 9 528
"1276" 496 9 528
"1277" 388 9 529
"1278" 584 9 529
"1279" -152 9 530
"1280" 308 9 530
"1281" 532 9 530
"1282" -244 9 531
"1283" -44 9 531
"1284" 364 9 531
"1285" -176 9 532
"1286" 316 9 532
"1287" 596 9 532
"1288" 260 9 533
"1289" -72 10 534
"1290" -16 10 534
"1291" 480 10 534
"1292" -88 10 535
"1293" -68 10 535
"1294" -352 10 536
"1295" 28 10 536
"1296" -216 10 537
"1297" 428 10 537
"1298" -112 10 538
"1299" 300 10 538
"1300" -356 10 539
"1301" 564 10 539
"1302" -336 10 540
"1303" -316 10 540
"1304" -144 10 540
"1305" 396 10 540
"1306" -288 10 541
"1307" 396 10 541
"1308" -364 10 542
"1309" -96 10 542
"1310" -232 10 543
"1311" 340 10 543
"1312" 44 10 544
"1313" 408 10 544
"1314" 100 10 545
"1315" 476 10 545
"1316" -16 10 546
"1317" 4 10 546
"1318" -148 10 547
"1319" -112 10 547
"1320" 224 10 547
"1321" 312 10 547
"1322" -268 10 548
"1323" -232 10 548
"1324" 308 10 548
"1325" 420 10 548
"1326" -380 10 549
"1327" -124 10 549
"1328" 360 10 549
"1329" -356 10 550
"1330" -88 10 550
"1331" 332 10 550
"1332" 360 10 550
"1333" -344 10 551
"1334" 392 10 551
"1335" 368 10 552
"1336" -240 10 553
"1337" 344 10 553
"1338" -140 10 554
"1339" 384 10 554
"1340" -24 10 555
"1341" 424 10 555
"1342" -12 10 556
"1343" 472 10 556
"1344" -348 10 557
"1345" 352 10 557
"1346" -140 10 558
"1347" 336 10 558
"1348" -212 10 559
"1349" -212 10 559
"1350" 332 10 559
"1351" -280 10 560
"1352" 368 10 560
"1353" -140 10 561
"1354" 368 10 561
"1355" -80 10 562
"1356" 276 10 562
"1357" 12 10 563
"1358" 444 10 563
"1359" -216 10 564
"1360" 428 10 564
"1361" 400 10 565
"1362" -364 10 566
"1363" -332 10 566
"1364" -132 10 566
"1365" -104 10 566
"1366" 340 10 566
"1367" -88 10 567
"1368" 304 10 567
"1369" -296 10 568
"1370" 540 10 568
"1371" -24 10 569
"1372" -4 10 569
"1373" 460 10 569
"1374" 368 10 570
"1375" -132 10 571
"1376" 496 10 571
"1377" 496 10 571
"1378" 28 10 572
"1379" 476 10 572
"1380" -296 10 573
"1381" 332 10 573
"1382" -304 10 574
"1383" 380 10 574
"1384" -288 10 575
"1385" 336 10 575
"1386" 384 10 575
"1387" -60 10 576
"1388" 44 10 576
"1389" 300 10 576
"1390" 328 10 576
"1391" 348 10 576
"1392" 456 10 576
"1393" -288 10 577
"1394" 384 10 577
"1395" -328 10 578
"1396" 420 10 578
"1397" -160 10 579
"1398" 68 10 579
"1399" 312 10 579
"1400" -204 10 580
"1401" 4 10 580
"1402" 4 10 580
"1403" 324 10 580
"1404" -52 10 581
"1405" -308 10 582
"1406" 312 10 582
"1407" -276 10 583
"1408" 0 10 583
"1409" 24 10 583
"1410" 364 10 583
"1411" -304 10 584
"1412" 276 10 584
"1413" -172 10 585
"1414" 296 10 585
"1415" 548 10 585
"1416" -228 10 586
"1417" 360 10 586
"1418" -176 10 587
"1419" -144 10 587
"1420" 400 10 587
"1421" -208 10 588
"1422" 304 10 588
"1423" -64 10 589
"1424" 304 10 589
"1425" 572 10 589
"1426" -236 10 590
"1427" 312 10 590
"1428" 564 10 590
"1429" -320 10 591
"1430" 304 10 591
"1431" -160 10 592
"1432" -356 10 593
"1433" 332 10 593
"1434" -164 10 594
"1435" 368 10 594
"1436" -200 10 595
"1437" 72 10 595
"1438" 356 10 595
"1439" -376 10 596
"1440" -152 10 596
"1441" 268 10 596
"1442" 344 10 596
"1443" -228 10 597
"1444" -228 10 597
"1445" -112 10 597
"1446" -84 10 597
"1447" 404 10 597
"1448" -380 10 598
"1449" 276 10 598
"1450" 572 10 598
"1451" -72 10 599
"1452" 304 10 599
"1453" -348 10 600
"1454" -324 10 600
"1455" -204 10 600
"1456" 392 10 600
"1457" -340 10 601
"1458" -100 10 601
"1459" 428 10 601
"1460" 416 10 602
"1461" 560 10 602
"1462" 560 10 602
"1463" 48 10 603
"1464" 72 10 603
"1465" 372 10 603
"1466" -152 10 604
"1467" 372 10 604
"1468" 580 10 604
"1469" -132 10 605
"1470" 324 10 605
"1471" -324 10 606
"1472" -132 10 606
"1473" 420 10 606
"1474" -176 10 607
"1475" 556 10 607
"1476" 380 10 608
"1477" -256 10 609
"1478" 288 10 609
"1479" 316 10 609
"1480" 476 10 609
"1481" -156 10 610
"1482" 64 10 610
"1483" 12 10 611
"1484" 380 10 611
"1485" -24 10 612
"1486" 384 10 612
"1487" -160 10 613
"1488" 244 10 613
"1489" 316 10 613
"1490" 460 10 613
"1491" -136 10 614
"1492" 448 10 614
"1493" 272 10 615
"1494" 400 10 615
"1495" 36 10 616
"1496" 356 10 616
"1497" -232 10 617
"1498" 100 10 617
"1499" 432 10 617
"1500" -204 10 618
"1501" 244 10 618
"1502" 196 10 619
"1503" -224 10 620
"1504" 96 10 620
"1505" -24 10 621
"1506" 368 10 621
"1507" 396 10 621
"1508" -176 10 622
"1509" 320 10 622
"1510" 364 10 622
"1511" 332 10 623
"1512" 36 10 624
"1513" 60 10 624
"1514" 316 10 624
"1515" -184 10 625
"1516" 408 10 625
"1517" 48 10 626
"1518" -16 10 627
"1519" 304 10 627
"1520" -212 10 628
"1521" 92 10 628
"1522" 352 10 628
"1523" 16 10 629
"1524" -320 10 630
"1525" 332 10 630
"1526" -96 10 631
"1527" 296 10 631
"1528" -20 10 632
"1529" 396 10 632
"1530" -336 10 633
"1531" 368 10 633
"1532" -316 10 634
"1533" 332 10 634
"1534" 372 10 634
"1535" 340 10 635
"1536" -256 10 636
"1537" 288 10 636
"1538" -108 10 637
"1539" -60 10 637
"1540" -308 10 638
"1541" -100 10 638
"1542" 336 10 638
"1543" -140 10 639
"1544" -112 10 639
"1545" 308 10 639
"1546" 68 10 640
"1547" 368 10 640
"1548" -392 10 641
"1549" 288 10 641
"1550" -368 10 642
"1551" -324 10 642
"1552" -300 10 642
"1553" 144 10 642
"1554" 412 10 642
"1555" -160 10 643
"1556" -140 10 643
"1557" -304 10 644
"1558" 320 10 644
"1559" -12 10 645
"1560" 484 10 645
"1561" -72 10 646
"1562" 424 10 646
"1563" 388 10 647
"1564" -360 10 648
"1565" -232 10 648
"1566" 480 10 648
"1567" -52 10 649
"1568" 320 10 649
"1569" 332 11 650
"1570" 560 11 650
"1571" -36 11 651
"1572" 44 11 651
"1573" 316 11 651
"1574" 268 11 652
"1575" -180 11 653
"1576" 240 11 653
"1577" -144 11 654
"1578" 72 11 654
"1579" 72 11 654
"1580" 276 11 654
"1581" 296 11 654
"1582" 368 11 654
"1583" -112 11 655
"1584" 360 11 655
"1585" 312 11 656
"1586" 460 11 656
"1587" 268 11 657
"1588" -184 11 658
"1589" 84 11 658
"1590" 344 11 658
"1591" 344 11 658
"1592" -296 11 659
"1593" -36 11 659
"1594" 504 11 659
"1595" 300 11 660
"1596" 324 11 660
"1597" 248 11 661
"1598" 356 11 661
"1599" -132 11 662
"1600" 412 11 662
"1601" -56 11 663
"1602" 268 11 663
"1603" -244 11 664
"1604" -68 11 664
"1605" -12 11 664
"1606" 336 11 664
"1607" -264 11 665
"1608" 228 11 665
"1609" 288 11 665
"1610" -232 11 666
"1611" 316 11 666
"1612" -144 11 667
"1613" 504 11 667
"1614" -52 12 668
"1615" 436 12 668
"1616" 88 12 669
"1617" -244 12 670
"1618" -28 12 670
"1619" 444 12 670
"1620" -156 12 671
"1621" 44 12 671
"1622" -328 12 672
"1623" -116 12 672
"1624" 84 12 672
"1625" -320 12 673
"1626" -104 12 673
"1627" -392 12 674
"1628" 476 12 674
"1629" 376 12 675
"1630" -364 12 676
"1631" -280 12 676
"1632" -228 12 676
"1633" -60 12 676
"1634" 556 12 676
"1635" -384 12 677
"1636" -144 12 677
"1637" 16 12 677
"1638" 356 12 677
"1639" -200 12 678
"1640" -116 12 678
"1641" -40 12 678
"1642" 452 12 678
"1643" -168 12 679
"1644" 60 12 679
"1645" 452 12 679
"1646" -92 12 680
"1647" 360 12 680
"1648" -208 12 681
"1649" -328 12 682
"1650" -104 12 682
"1651" 52 12 682
"1652" 428 12 682
"1653" 12 12 683
"1654" 268 12 683
"1655" -220 12 684
"1656" -32 12 684
"1657" 20 12 684
"1658" 384 12 684
"1659" 456 12 684
"1660" -156 12 685
"1661" 40 12 685
"1662" 280 12 685
"1663" 280 12 685
"1664" 572 12 685
"1665" -260 12 686
"1666" -124 12 686
"1667" -12 12 686
"1668" 264 12 686
"1669" 568 12 686
"1670" 364 12 687
"1671" 360 12 688
"1672" 600 12 688
"1673" 420 12 689
"1674" -128 12 690
"1675" 32 12 690
"1676" 420 12 690
"1677" -232 12 691
"1678" 384 12 691
"1679" 504 12 691
"1680" -308 12 692
"1681" 420 12 692
"1682" -340 12 693
"1683" -212 12 693
"1684" 20 12 693
"1685" 420 12 693
"1686" 360 13 694
"1687" -372 13 695
"1688" 336 13 695
"1689" -256 13 696
"1690" 312 13 696
"1691" 300 13 697
"1692" 392 13 697
"1693" 348 13 698
"1694" -8 13 699
"1695" -92 13 700
"1696" 16 13 700
"1697" 404 13 700
"1698" -372 13 701
"1699" -276 13 701
"1700" -36 13 701
"1701" 12 13 701
"1702" -184 13 702
"1703" 368 13 702
"1704" 384 13 702
"1705" -388 13 703
"1706" -388 13 703
"1707" -296 13 703
"1708" -256 13 703
"1709" -264 14 704
"1710" -204 14 704
"1711" -204 14 704
"1712" 320 14 704
"1713" 32 14 705
"1714" 296 14 705
"1715" -56 14 706
"1716" 388 14 706
"1717" 44 14 707
"1718" 432 14 707
"1719" -120 14 708
"1720" -96 14 708
"1721" 444 14 708
"1722" -344 14 709
"1723" 8 14 709
"1724" 404 14 709
"1725" -312 14 710
"1726" 36 14 710
"1727" 56 14 710
"1728" 556 14 710
"1729" -368 14 711
"1730" -340 14 711
"1731" 56 14 711
"1732" 248 14 711
"1733" -40 14 712
"1734" 372 14 712
"1735" -276 14 713
"1736" 476 14 713
"1737" -292 14 714
"1738" -60 14 714
"1739" -32 14 714
"1740" 488 14 714
"1741" -300 14 715
"1742" -92 14 715
"1743" 348 14 715
"1744" 372 14 715
"1745" -164 14 716
"1746" 284 14 716
"1747" -296 14 717
"1748" -272 14 717
"1749" 76 14 717
"1750" -92 14 718
"1751" 288 14 718
"1752" 24 14 719
"1753" 352 14 719
"1754" 348 14 720
"1755" -216 14 721
"1756" 52 14 721
"1757" 372 14 721
"1758" -208 14 722
"1759" -184 14 722
"1760" 332 14 722
"1761" 392 14 722
"1762" -316 14 723
"1763" -300 14 723
"1764" 400 14 723
"1765" -144 14 724
"1766" -144 14 724
"1767" 360 14 724
"1768" 268 14 725
"1769" -384 14 726
"1770" -384 14 726
"1771" 360 14 726
"1772" 360 14 726
"1773" -216 14 727
"1774" -140 14 727
"1775" 272 14 727
"1776" -264 14 728
"1777" 408 14 728
"1778" 428 14 728
"1779" -292 14 729
"1780" 64 14 729
"1781" 288 14 729
"1782" -32 14 730
"1783" 272 14 730
"1784" 560 14 730
"1785" 560 14 730
"1786" -320 14 731
"1787" 8 14 731
"1788" 32 14 731
"1789" 392 14 731
"1790" -276 14 732
"1791" 92 14 732
"1792" 372 14 732
"1793" 320 14 733
"1794" 16 14 734
"1795" 396 14 734
"1796" 420 14 734
"1797" -344 14 735
"1798" -316 14 735
"1799" 8 14 735
"1800" -176 14 736
"1801" 304 14 736
"1802" 412 14 736
"1803" -344 14 737
"1804" 48 14 737
"1805" 72 14 737
"1806" 388 14 737
"1807" -336 14 738
"1808" 356 14 738
"1809" 356 14 738
"1810" -308 14 739
"1811" -308 14 739
"1812" 260 14 739
"1813" 8 14 740
"1814" 284 14 740
"1815" -384 14 741
"1816" -92 14 741
"1817" 532 14 741
"1818" -168 14 742
"1819" 360 14 742
"1820" -288 14 743
"1821" -264 14 743
"1822" 388 14 743
"1823" 388 14 743
"1824" 296 14 744
"1825" -380 14 745
"1826" 376 14 745
"1827" -272 14 746
"1828" 292 14 746
"1829" 564 14 746
"1830" -116 14 747
"1831" 256 14 747
"1832" 256 14 747
"1833" -128 14 748
"1834" 344 14 748
"1835" -280 14 749
"1836" -280 14 749
"1837" 400 14 749
"1838" -160 14 750
"1839" 240 14 750
"1840" -168 14 751
"1841" 424 14 751
"1842" 444 14 751
"1843" -132 14 752
"1844" -108 14 752
"1845" 280 14 752
"1846" -400 14 753
"1847" 12 14 753
"1848" 400 14 753
"1849" 420 14 753
"1850" -376 14 754
"1851" -376 14 754
"1852" -12 14 754
"1853" 492 14 754
"1854" -108 14 755
"1855" 360 14 755
"1856" -328 14 756
"1857" 292 14 756
"1858" 600 14 756
"1859" -304 14 757
"1860" 16 14 757
"1861" 248 14 757
"1862" -388 14 758
"1863" -360 14 758
"1864" -300 14 758
"1865" -80 14 758
"1866" 336 14 758
"1867" -108 14 759
"1868" 344 14 759
"1869" -240 14 760
"1870" 436 14 760
"1871" -276 14 761
"1872" 316 14 761
"1873" -344 14 762
"1874" 304 14 762
"1875" 528 14 762
"1876" -400 14 763
"1877" 24 14 763
"1878" 336 14 763
"1879" -208 14 764
"1880" 104 14 764
"1881" 560 14 764
"1882" -284 14 765
"1883" -20 14 765
"1884" 300 14 765
"1885" -260 14 766
"1886" 268 14 766
"1887" 268 14 766
"1888" -216 14 767
"1889" 320 14 767
"1890" 24 14 768
"1891" 296 14 768
"1892" 596 14 768
"1893" -200 14 769
"1894" 344 14 769
"1895" 492 14 769
"1896" -400 14 770
"1897" -268 14 770
"1898" -144 14 770
"1899" -12 14 770
"1900" 96 14 770
"1901" -148 14 771
"1902" 304 14 771
"1903" 536 14 771
"1904" -180 14 772
"1905" 40 14 772
"1906" -52 14 773
"1907" 112 14 773
"1908" 372 14 773
"1909" -140 14 774
"1910" 8 14 774
"1911" 396 14 774
"1912" -312 14 775
"1913" 316 14 775
"1914" 476 14 775
"1915" -68 14 776
"1916" 228 14 776
"1917" 572 14 776
"1918" 600 14 776
"1919" 52 14 777
"1920" 396 14 777
"1921" 316 14 778
"1922" -20 14 779
"1923" 380 14 779
"1924" 560 14 779
"1925" 428 14 780
"1926" 80 14 781
"1927" 316 14 781
"1928" -360 14 782
"1929" -240 14 782
"1930" -96 14 782
"1931" 32 14 782
"1932" 92 14 782
"1933" 516 14 782
"1934" -140 14 783
"1935" 112 14 783
"1936" 356 14 783
"1937" 528 14 783
"1938" 328 14 784
"1939" -340 14 785
"1940" 20 14 785
"1941" 356 14 785
"1942" 532 15 786
"1943" 380 15 787
"1944" 412 15 787
"1945" 348 15 788
"1946" -304 15 789
"1947" 316 15 789
"1948" 344 15 789
"1949" -376 15 790
"1950" 428 15 790
"1951" -368 15 791
"1952" 532 15 791
"1953" 404 15 792
"1954" -388 15 793
"1955" -136 15 793
"1956" 500 15 793
"1957" 448 15 794
"1958" 428 15 795
"1959" -244 15 796
"1960" 420 15 796
"1961" 400 15 797
"1962" 320 15 798
"1963" -388 15 799
"1964" -344 15 799
"1965" 452 15 799
"1966" -76 15 800
"1967" 596 15 800
"1968" 432 15 801
"1969" 400 15 802
"1970" 396 15 803
"1971" -276 15 804
"1972" -88 15 804
"1973" 380 15 804
"1974" 400 15 804
"1975" -380 15 805
"1976" 352 15 805
"1977" 324 15 806
"1978" -4 15 807
"1979" 440 15 807
"1980" 508 15 807
"1981" 352 15 808
"1982" 592 15 808
"1983" 100 15 809
"1984" 284 15 809
"1985" 560 15 809
"1986" 316 15 810
"1987" 24 15 811
"1988" 456 15 811
"1989" 388 15 812
"1990" 584 15 812
"1991" 380 15 813
"1992" 528 15 813
"1993" 248 15 814
"1994" 432 15 814
"1995" 344 15 815
"1996" 464 15 815
"1997" 312 15 816
"1998" 380 15 816
"1999" 364 15 817
"2000" 544 15 817
"2001" -328 15 818
"2002" 376 15 818
"2003" 284 15 819
"2004" 572 15 819
"2005" 544 15 820
"2006" 352 15 821
"2007" 592 15 821
"2008" 460 15 822
"2009" -8 15 823
"2010" 448 15 823
"2011" -264 15 824
"2012" -180 16 825
"2013" -328 16 826
"2014" 500 16 826
"2015" 600 16 826
"2016" -272 16 827
"2017" 16 16 827
"2018" 308 16 827
"2019" -392 16 828
"2020" 368 16 828
"2021" -256 16 829
"2022" -12 16 829
"2023" 256 16 829
"2024" -44 16 830
"2025" 364 16 830
"2026" 592 16 830
"2027" 64 16 831
"2028" 280 16 831
"2029" 576 16 831
"2030" -140 16 832
"2031" 60 16 832
"2032" 332 16 832
"2033" 348 16 832
"2034" 496 16 832
"2035" -356 16 833
"2036" 468 16 833
"2037" -24 16 834
"2038" -292 16 835
"2039" -68 16 835
"2040" 388 16 835
"2041" -164 16 836
"2042" 68 16 836
"2043" 404 16 836
"2044" -352 16 837
"2045" 12 16 837
"2046" 264 16 837
"2047" 560 16 837
"2048" -268 16 838
"2049" 468 16 838
"2050" -356 16 839
"2051" 444 16 839
"2052" -136 16 840
"2053" 240 16 840
"2054" 492 16 840
"2055" -268 16 841
"2056" -44 16 841
"2057" 420 16 841
"2058" 80 16 842
"2059" 316 16 842
"2060" 472 16 842
"2061" 564 16 842
"2062" -260 16 843
"2063" 292 16 843
"2064" 40 16 844
"2065" 296 16 844
"2066" -56 16 845
"2067" 376 16 845
"2068" -272 16 846
"2069" -28 16 846
"2070" 76 16 846
"2071" -204 16 847
"2072" 8 16 847
"2073" 412 16 847
"2074" 584 16 847
"2075" 412 16 848
"2076" -352 16 849
"2077" -104 16 849
"2078" 236 16 849
"2079" 456 16 849
"2080" -360 16 850
"2081" -92 16 850
"2082" 0 16 850
"2083" 344 16 850
"2084" 564 16 850
"2085" -16 16 851
"2086" 368 16 851
"2087" 304 16 852
"2088" 552 16 852
"2089" 272 16 853
"2090" 480 16 853
"2091" -160 16 854
"2092" 0 16 854
"2093" 112 16 854
"2094" -300 16 855
"2095" 252 16 855
"2096" 464 16 855
"2097" -72 16 856
"2098" 40 16 856
"2099" 100 16 856
"2100" 308 16 856
"2101" -384 16 857
"2102" -148 16 857
"2103" 236 16 857
"2104" 500 16 857
"2105" 340 16 858
"2106" 348 16 858
"2107" -388 16 859
"2108" -136 16 859
"2109" -160 16 860
"2110" 256 16 860
"2111" 492 16 860
"2112" -8 16 861
"2113" 372 16 861
"2114" 532 16 861
"2115" -400 16 862
"2116" -176 16 862
"2117" 8 16 862
"2118" 436 16 862
"2119" -392 16 863
"2120" 4 16 863
"2121" -296 16 864
"2122" 368 16 864
"2123" -128 16 865
"2124" 528 16 865
"2125" -100 16 866
"2126" -92 16 866
"2127" -8 16 866
"2128" -8 16 866
"2129" 56 16 866
"2130" 472 16 866
"2131" 476 16 866
"2132" 560 16 866
"2133" 340 16 867
"2134" 576 16 867
"2135" 272 16 868
"2136" -372 16 869
"2137" -204 16 869
"2138" 280 16 869
"2139" 584 16 869
"2140" -204 16 870
"2141" -44 16 870
"2142" 508 16 870
"2143" -136 16 871
"2144" -44 16 871
"2145" 20 16 871
"2146" 364 16 871
"2147" 68 16 872
"2148" 304 16 872
"2149" 580 16 872
"2150" -116 16 873
"2151" 228 16 873
"2152" 512 16 873
"2153" 312 16 874
"2154" 492 16 874
"2155" 280 16 875
"2156" -368 16 876
"2157" -220 16 876
"2158" 40 16 876
"2159" 592 16 876
"2160" 324 16 877
"2161" 380 16 877
"2162" 588 16 877
"2163" -216 16 878
"2164" -64 16 878
"2165" -16 16 878
"2166" 316 16 878
"2167" 540 16 878
"2168" 88 16 879
"2169" 300 16 879
"2170" -252 16 880
"2171" 376 16 880
"2172" 596 16 880
"2173" 388 16 881
"2174" -284 16 882
"2175" -200 16 882
"2176" 524 16 882
"2177" 468 16 883
"2178" 332 16 884
"2179" 564 16 884
"2180" -396 16 885
"2181" 120 16 885
"2182" 496 16 885
"2183" -40 16 886
"2184" -324 16 887
"2185" -84 16 887
"2186" 496 16 887
"2187" -20 16 888
"2188" 384 16 888
"2189" 540 16 888
"2190" 328 16 889
"2191" 556 16 889
"2192" -316 16 890
"2193" -304 16 890
"2194" -60 16 890
"2195" 472 16 890
"2196" -160 16 891
"2197" 244 16 891
"2198" 96 16 892
"2199" 272 16 892
"2200" -316 16 893
"2201" 512 16 893
"2202" 324 16 894
"2203" -124 16 895
"2204" -76 16 895
"2205" 348 16 895
"2206" 176 16 896
"2207" 380 16 896
"2208" -196 16 897
"2209" 312 16 897
"2210" -344 16 898
"2211" 248 16 898
"2212" 592 16 898
"2213" 68 16 899
"2214" 320 16 899
"2215" -212 16 900
"2216" 308 16 900
"2217" 592 16 900
"2218" 268 16 901
"2219" -160 16 902
"2220" 472 16 902
"2221" -244 16 903
"2222" 252 16 903
"2223" 432 16 903
"2224" 432 16 903
"2225" 532 16 903
"2226" 476 16 904
"2227" -276 16 905
"2228" 488 16 905
"2229" 240 16 906
"2230" 244 16 906
"2231" -376 16 907
"2232" 268 16 907
"2233" 492 16 907
"2234" -148 16 908
"2235" 88 16 908
"2236" -396 16 909
"2237" 236 16 909
"2238" 472 16 909
"2239" 28 16 910
"2240" 392 16 910
"2241" -4 16 911
"2242" 92 16 911
"2243" 364 16 911
"2244" 280 16 912
"2245" 520 16 912
"2246" 292 16 913
"2247" 552 16 913
"2248" 292 16 914
"2249" 524 16 914
"2250" -216 16 915
"2251" 16 16 915
"2252" 284 16 915
"2253" 504 16 915
"2254" 308 16 916
"2255" -56 16 917
"2256" 92 16 917
"2257" 520 16 917
"2258" 248 16 918
"2259" 304 16 918
"2260" -100 16 919
"2261" 128 16 919
"2262" 452 16 919
"2263" -268 16 920
"2264" -16 16 920
"2265" 0 16 920
"2266" 76 16 920
"2267" 416 16 920
"2268" -200 16 921
"2269" 8 16 921
"2270" 552 16 921
"2271" -256 16 922
"2272" 296 16 922
"2273" -20 16 923
"2274" -20 16 923
"2275" -20 16 923
"2276" 408 16 923
"2277" 488 16 923
"2278" 596 16 923
"2279" -152 16 924
"2280" 68 16 924
"2281" 300 16 924
"2282" -180 16 925
"2283" 508 16 925
"2284" -320 16 926
"2285" 248 16 926
"2286" 460 16 926
"2287" -28 16 927
"2288" 220 16 927
"2289" 576 16 927
"2290" 28 16 928
"2291" 232 16 928
"2292" -376 16 929
"2293" -372 16 929
"2294" -372 16 929
"2295" -252 16 929
"2296" -200 16 929
"2297" 420 16 929
"2298" 372 16 930
"2299" 452 16 930
"2300" -336 16 931
"2301" 280 16 931
"2302" 308 16 931
"2303" 548 16 931
"2304" -4 17 932
"2305" 40 17 932
"2306" 84 17 932
"2307" 152 17 932
"2308" 368 17 932
"2309" 16 17 933
"2310" 20 17 933
"2311" -348 17 934
"2312" -348 17 934
"2313" -348 17 934
"2314" 368 17 934
"2315" 140 17 935
"2316" -308 17 936
"2317" -272 17 936
"2318" -212 17 936
"2319" -264 17 937
"2320" 364 17 937
"2321" -360 17 938
"2322" -124 17 938
"2323" 332 17 938
"2324" -32 17 939
"2325" 380 17 939
"2326" -240 17 940
"2327" 152 17 940
"2328" 352 17 940
"2329" 480 17 940
"2330" 396 17 941
"2331" 396 17 941
"2332" 444 17 941
"2333" -116 17 942
"2334" 76 17 942
"2335" 76 17 942
"2336" 396 17 942
"2337" -300 17 943
"2338" 320 17 943
"2339" 440 17 943
"2340" -292 17 944
"2341" 384 17 944
"2342" -12 17 945
"2343" 364 17 945
"2344" -20 17 946
"2345" 396 17 946
"2346" 280 17 947
"2347" 420 17 947
"2348" -196 17 948
"2349" -88 17 948
"2350" 284 17 948
"2351" 316 17 948
"2352" 364 17 948
"2353" 400 17 948
"2354" -92 17 949
"2355" 320 17 949
"2356" 400 17 949
"2357" 456 17 949
"2358" 448 17 950
"2359" 588 17 950
"2360" -364 17 951
"2361" -68 17 951
"2362" 420 17 951
"2363" 400 17 952
"2364" -296 17 953
"2365" -256 17 953
"2366" 316 17 953
"2367" 444 17 953
"2368" 248 17 954
"2369" 356 17 954
"2370" 124 17 955
"2371" 160 17 955
"2372" 272 17 955
"2373" -328 17 956
"2374" -288 17 956
"2375" 348 17 956
"2376" 240 17 957
"2377" -112 17 958
"2378" 416 17 958
"2379" 60 17 959
"2380" 116 17 959
"2381" 512 17 959
"2382" 304 17 960
"2383" 296 17 961
"2384" -312 17 962
"2385" 272 17 962
"2386" -276 17 963
"2387" -236 17 963
"2388" -200 17 963
"2389" -172 17 963
"2390" -128 17 963
"2391" 308 17 963
"2392" -364 17 964
"2393" 276 17 964
"2394" -284 17 965
"2395" 344 17 965
"2396" -400 17 966
"2397" -380 17 966
"2398" 296 17 966
"2399" 140 17 967
"2400" -72 17 968
"2401" 356 17 968
"2402" 396 17 968
"2403" -64 17 969
"2404" -116 17 970
"2405" 308 17 970
"2406" -28 17 971
"2407" -12 17 971
"2408" 376 17 971
"2409" 300 17 972
"2410" -244 17 973
"2411" -220 17 973
"2412" 356 17 973
"2413" 288 17 974
"2414" 396 17 974
"2415" 20 17 975
"2416" 296 17 975
"2417" 32 17 976
"2418" 72 17 976
"2419" 88 17 976
"2420" 376 17 976
"2421" 516 17 976
"2422" -204 17 977
"2423" 300 17 977
"2424" 68 17 978
"2425" 264 17 978
"2426" 344 17 978
"2427" -44 17 979
"2428" -44 17 979
"2429" 388 17 979
"2430" 500 17 979
"2431" -340 17 980
"2432" 324 17 980
"2433" 372 17 980
"2434" 276 17 981
"2435" 0 17 982
"2436" 332 17 982
"2437" 76 17 983
"2438" 188 17 983
"2439" 544 17 983
"2440" 284 17 984
"2441" -32 17 985
"2442" 284 17 985
"2443" 288 17 985
"2444" 588 17 985
"2445" -216 17 986
"2446" -268 17 987
"2447" 312 17 987
"2448" -200 17 988
"2449" -188 17 988
"2450" -372 17 989
"2451" -328 17 989
"2452" 324 17 989
"2453" -308 17 990
"2454" 292 17 990
"2455" 576 17 990
"2456" 292 17 991
"2457" 456 17 991
"2458" 488 17 991
"2459" 552 17 991
"2460" -256 17 992
"2461" -128 17 992
"2462" -128 17 992
"2463" 292 17 992
"2464" -68 17 993
"2465" 32 17 993
"2466" 592 17 993
"2467" -160 17 994
"2468" -140 17 994
"2469" 284 17 994
"2470" -116 17 995
"2471" 276 17 995
"2472" 288 17 995
"2473" -184 17 996
"2474" -184 17 996
"2475" 264 17 996
"2476" 340 17 996
"2477" 332 17 997
"2478" -148 17 998
"2479" 88 17 998
"2480" 392 17 998
"2481" -268 17 999
"2482" 360 17 999
"2483" 300 17 1000
"2484" -32 17 1001
"2485" 536 17 1001
"2486" 596 17 1001
"2487" 304 17 1002
"2488" 540 17 1002
"2489" 592 17 1002
"2490" 296 17 1003
"2491" -256 17 1004
"2492" 292 17 1004
"2493" 384 17 1004
"2494" 416 17 1004
"2495" 288 17 1005
"2496" -84 17 1006
"2497" 312 17 1006
"2498" 260 17 1007
"2499" 60 17 1008
"2500" 84 17 1008
"2501" 484 17 1008
"2502" 248 17 1009
"2503" -276 17 1010
"2504" 352 17 1010
"2505" 356 17 1010
"2506" 292 17 1011
"2507" -144 17 1012
"2508" -364 17 1013
"2509" -148 17 1013
"2510" 312 17 1013
"2511" -348 17 1014
"2512" -76 17 1014
"2513" 304 17 1014
"2514" 84 17 1015
"2515" 304 17 1015
"2516" 400 17 1015
"2517" -268 17 1016
"2518" -96 17 1016
"2519" 260 17 1016
"2520" -236 18 1017
"2521" 372 18 1017
"2522" -244 18 1018
"2523" 284 18 1018
"2524" 328 18 1018
"2525" -100 18 1019
"2526" 316 18 1019
"2527" -28 18 1020
"2528" 224 18 1020
"2529" -284 18 1021
"2530" 288 18 1021
"2531" -52 18 1022
"2532" 228 18 1022
"2533" -320 18 1023
"2534" 356 18 1023
"2535" -208 18 1024
"2536" 372 18 1024
"2537" -292 18 1025
"2538" 324 18 1025
"2539" 8 18 1026
"2540" 364 18 1026
"2541" -252 18 1027
"2542" 92 18 1027
"2543" 332 18 1027
"2544" -332 18 1028
"2545" -16 18 1028
"2546" -392 18 1029
"2547" -132 18 1029
"2548" 256 18 1029
"2549" -92 19 1030
"2550" -32 19 1030
"2551" 220 19 1030
"2552" -252 19 1031
"2553" 24 19 1031
"2554" 392 19 1031
"2555" -72 19 1032
"2556" 284 19 1032
"2557" 572 19 1032
"2558" -260 19 1033
"2559" 568 19 1033
"2560" -208 19 1034
"2561" 96 19 1034
"2562" 340 19 1034
"2563" -384 19 1035
"2564" 244 19 1035
"2565" 64 19 1036
"2566" 280 19 1036
"2567" 292 19 1036
"2568" -396 19 1037
"2569" -320 19 1037
"2570" 100 19 1037
"2571" 268 19 1037
"2572" -272 19 1038
"2573" 52 19 1038
"2574" 344 19 1038
"2575" -308 19 1039
"2576" 256 19 1039
"2577" 572 19 1039
"2578" -32 19 1040
"2579" 580 19 1040
"2580" 292 19 1041
"2581" 584 19 1041
"2582" 276 19 1042
"2583" -16 19 1043
"2584" 468 19 1043
"2585" 392 19 1044
"2586" -324 19 1045
"2587" -44 19 1045
"2588" 292 19 1045
"2589" -24 19 1046
"2590" -212 19 1047
"2591" -96 19 1047
"2592" 216 19 1047
"2593" 496 19 1047
"2594" 468 19 1048
"2595" -244 19 1049
"2596" 600 19 1049
"2597" 8 19 1050
"2598" 516 19 1050
"2599" 292 19 1051
"2600" -212 19 1052
"2601" -140 19 1052
"2602" 0 19 1052
"2603" 352 19 1052
"2604" 308 19 1053
"2605" 544 19 1053
"2606" -188 19 1054
"2607" 256 19 1054
"2608" -360 19 1055
"2609" 68 19 1055
"2610" 408 19 1055
"2611" -352 19 1056
"2612" -32 19 1056
"2613" 396 19 1056
"2614" -256 19 1057
"2615" 412 19 1057
"2616" -132 19 1058
"2617" 288 19 1058
"2618" 336 19 1058
"2619" 416 19 1058
"2620" 384 19 1059
"2621" 16 19 1060
"2622" 336 19 1060
"2623" 52 19 1061
"2624" -308 19 1062
"2625" 420 19 1062
"2626" -232 19 1063
"2627" -168 19 1063
"2628" -168 19 1063
"2629" 32 19 1063
"2630" 320 19 1063
"2631" -104 19 1064
"2632" 356 19 1064
"2633" -116 19 1065
"2634" 308 19 1065
"2635" 300 19 1066
"2636" 564 19 1066
"2637" 40 19 1067
"2638" 352 19 1067
"2639" -336 19 1068
"2640" 12 19 1068
"2641" 364 19 1068
"2642" 292 19 1069
"2643" 296 19 1069
"2644" 584 19 1069
"2645" -280 19 1070
"2646" 380 19 1070
"2647" -20 19 1071
"2648" 268 19 1071
"2649" 68 19 1072
"2650" 448 19 1072
"2651" -316 19 1073
"2652" 252 19 1073
"2653" -228 19 1074
"2654" 356 19 1074
"2655" 576 19 1074
"2656" -72 19 1075
"2657" 424 19 1075
"2658" -88 19 1076
"2659" 448 19 1076
"2660" 580 19 1076
"2661" 340 19 1077
"2662" -200 19 1078
"2663" 432 19 1078
"2664" 308 19 1079
"2665" 592 19 1079
"2666" -208 19 1080
"2667" 336 19 1080
"2668" 336 19 1080
"2669" -80 19 1081
"2670" 284 19 1081
"2671" -20 19 1082
"2672" 536 19 1082
"2673" 596 19 1082
"2674" -360 19 1083
"2675" 292 19 1083
"2676" -352 19 1084
"2677" -164 19 1084
"2678" 284 19 1084
"2679" -40 19 1085
"2680" 276 19 1085
"2681" 400 19 1085
"2682" -108 19 1086
"2683" 264 19 1086
"2684" -216 19 1087
"2685" 288 19 1087
"2686" 580 19 1087
"2687" 280 19 1088
"2688" 560 19 1088
"2689" -216 19 1089
"2690" 296 19 1089
"2691" -380 19 1090
"2692" 248 19 1090
"2693" 312 19 1090
"2694" -180 19 1091
"2695" 528 19 1091
"2696" -56 19 1092
"2697" -248 19 1093
"2698" 104 19 1093
"2699" 532 19 1093
"2700" -240 19 1094
"2701" 84 19 1094
"2702" 404 19 1094
"2703" -308 19 1095
"2704" 68 19 1095
"2705" 352 19 1095
"2706" 600 19 1095
"2707" 372 19 1096
"2708" 60 19 1097
"2709" 436 19 1097
"2710" -132 19 1098
"2711" 436 19 1098
"2712" 268 19 1099
"2713" 528 19 1099
"2714" -116 19 1100
"2715" 324 19 1100
"2716" 360 19 1100
"2717" 460 19 1100
"2718" -184 19 1101
"2719" -68 19 1101
"2720" -124 19 1102
"2721" 344 19 1102
"2722" -116 19 1103
"2723" 208 19 1103
"2724" 476 19 1103
"2725" 260 19 1104
"2726" 568 19 1104
"2727" -16 19 1105
"2728" 348 19 1105
"2729" -376 19 1106
"2730" 4 19 1106
"2731" 364 19 1106
"2732" -112 19 1107
"2733" 300 19 1107
"2734" -320 19 1108
"2735" -80 19 1108
"2736" 412 19 1108
"2737" -112 19 1109
"2738" -268 19 1110
"2739" 548 19 1110
"2740" -236 19 1111
"2741" 276 19 1111
"2742" -216 19 1112
"2743" -192 19 1112
"2744" -112 19 1112
"2745" 244 19 1112
"2746" 524 19 1112
"2747" -48 19 1113
"2748" 360 19 1113
"2749" 508 19 1113
"2750" 248 19 1114
"2751" -128 19 1115
"2752" -304 19 1116
"2753" 108 19 1116
"2754" 340 19 1116
"2755" -344 19 1117
"2756" 84 19 1117
"2757" 564 19 1117
"2758" -276 19 1118
"2759" -4 19 1118
"2760" 396 19 1118
"2761" 336 19 1119
"2762" 264 19 1120
"2763" -316 19 1121
"2764" -44 19 1121
"2765" 304 19 1121
"2766" 532 19 1121
"2767" 32 19 1122
"2768" 380 19 1122
"2769" -280 20 1123
"2770" 52 20 1123
"2771" -248 20 1124
"2772" -252 20 1125
"2773" 488 20 1125
"2774" -116 20 1126
"2775" 312 20 1126
"2776" -164 20 1127
"2777" -132 20 1127
"2778" 488 20 1127
"2779" 488 20 1127
"2780" 488 20 1127
"2781" 588 20 1127
"2782" -208 20 1128
